# Test data for smooth program
# x = 0 to 50, y = sin(x) + noise (100 points)
# Noise statistics: σ = 0.09, max = ±0.26
  0.00   0.0497
  0.51   0.4700
  1.01   0.9117
  1.52   1.1508
  2.02   0.8773
  2.53   0.5546
  3.03   0.2690
  3.54  -0.3069
  4.04  -0.8295
  4.55  -0.9318
  5.05  -0.9897
  5.56  -0.7117
  6.06  -0.1965
  6.57   0.0874
  7.07   0.5361
  7.58   0.9053
  8.08   0.8731
  8.59   0.7753
  9.09   0.2369
  9.60  -0.3116
 10.10  -0.4793
 10.61  -0.9477
 11.11  -0.9866
 11.62  -0.9560
 12.12  -0.4850
 12.63   0.0709
 13.13   0.4203
 13.64   0.9148
 14.14   0.9399
 14.65   0.8439
 15.15   0.4680
 15.66   0.2366
 16.16  -0.4396
 16.67  -0.9242
 17.17  -0.9120
 17.68  -1.0439
 18.18  -0.5983
 18.69  -0.3579
 19.19   0.2029
 19.70   0.7693
 20.20   1.0501
 20.71   0.9763
 21.21   0.6910
 21.72   0.2405
 22.22  -0.3769
 22.73  -0.7434
 23.23  -0.9922
 23.74  -0.8789
 24.24  -0.7429
 24.75  -0.5521
 25.25   0.1519
 25.76   0.5465
 26.26   0.8367
 26.77   1.0591
 27.27   0.9454
 27.78   0.5695
 28.28  -0.0924
 28.79  -0.5222
 29.29  -0.8182
 29.80  -0.9013
 30.30  -0.9449
 30.81  -0.5897
 31.31  -0.2132
 31.82   0.2719
 32.32   0.8691
 32.83   1.1231
 33.33   0.9333
 33.84   0.7591
 34.34   0.2486
 34.85  -0.3514
 35.35  -0.6784
 35.86  -0.8100
 36.36  -0.9760
 36.87  -0.5818
 37.37  -0.5816
 37.88   0.2609
 38.38   0.6412
 38.89   0.8984
 39.39   1.0015
 39.90   0.6098
 40.40   0.4010
 40.91  -0.0326
 41.41  -0.3947
 41.92  -0.9331
 42.42  -1.0808
 42.93  -0.9191
 43.43  -0.4294
 43.94  -0.0100
 44.44   0.3929
 44.95   0.8746
 45.45   1.0049
 45.96   1.0154
 46.46   0.5423
 46.97   0.1208
 47.47  -0.3829
 47.98  -0.9015
 48.48  -0.9485
 48.99  -0.9306
 49.49  -0.6960
 50.00  -0.2858
